888 · Ν imminui Lm. lx, 8841 8819

181981, 881181881111818818818888118881181181188 81811181819888188, 118 1181881188881881 181188 1118188
18189 118188, 8111 881181181181888188 1188888111 8811811818. ·
888 818188 1818188188, 8818 188 118118181198888188 .
1811 881 18 11888 118 Ordinatio 1811 18181188 888188, amm ΜΕ ”nb 181111 · ,
811181181188118881881818 88111888. 11888 88 18 1111 111 1111 1111111111 111 1111118111 111 111
11818911 &timiam 1191 imm! „nb 1191111199, 1118118188 888188 1181 18 88881888· 8818811188.
1181888818811881111818889 9818111881818 881 9811188 111111 isi, 111 11 1111111111 111 1111118 1111111 1111
181988918811381818118 18 1888 888118 Ordinatio 181 111111111111111111 1111111111 111111· 111 1111111111
11111 8111118188. 68 118 8188 88188181811888118888 1111 1111111118 111 8111111 111 1111181 11111111 1111111
881888 881 181188 88181188 , 8818118198118818888 988 11111 1111111111 11111111 11111 11111111811111 1111111
1181188888881888,1188188188181681881888. ,menn 1111111· 11111 111111 11111 111 11111111111111111
881811819818818881111188889818988,1811180811- ’111111 §oie 111111 1111111111 1111 111111 111 11111
nano 8818881898188888 fei). 8881888988 88811 8818111 181111188118118 188888
1811818888 118 98818118118188 11188888, 118 881188 Mi. 11188 118 81988 1181118118 61818 88111888 888 88811118
8188881888989818181, 8181181, 18111818 118 18881 1188 1111111191111· ι
18811818, 881 8181188188, 18181881981118818818888 11111111111111111111198 (1111111111 3¹¹²
188, 8811888818188188111881818818181188, 1118818888, 1111111118 1111111111811111111111118111 1111 11
118 8181111818 1818 88818188, 98 1888188, 18881 88818188. 1111111 1111111 111 1111111111 1111111111 11111111
61188 881 61881118188119881888168888888888 1111111111 1111 (1111111 111 1811111118 1111111 111
89881111818188818188881681191811981888811181888188 111111111111161111111111111 1111 111 11111111
188 18 9811888 11811 18188, 118 Ordinatio ted)t 881 11111111 111 111 1111111111 111181111111111118 111
88118888. 88818 min 88 88 888 881888 8888888818888 88
111119 8888818188, 181 118118181181181881181881188 1111 11111 111111111111118 1111 111111111111118
88188 88188888 8819881 81188, 181 11818 18881 118188 11111111111111111111111111· ’ ·
118881 8181 1818818119888111181881818888811, 881188 11111111111111 11111118 111 1111111111 111 ’
ministerium 8888 uno 18888 81888. 88 88 1118 888 8118111181118118181111118
8888111) 8118, 818 18188 8881181888 61881, 11181119 1181, 11111111 111111 1111111 1111111111 bet 1111111111
118819818118811, 181111191111111,11919919, 68881 8188818 (1811118188 18188, 881 111 188) 88881,
8119111911991111), · ’ , 8188, 181 118 8818 88181888 88818. 1181 1811888 818 111
88 88 888 88018818888889888188 18 111 118181 188 111 111 81811 1118111, 111
baud) 1991191, 11111119199191119111191999), 11811 1181818118 8818188888 8818 881 118818188811181188
181181, 88118811881188181898811188111, 888 8181181) 111 11111111 1111118 111 (11111 1111111111 1111111 111111
11111188 181818, 118 118 18811811 8181888, 88111181 missen, 1111 1111 11 111 11111111111181111111Ξ
88918181118188818118818181181191119111, 888118118818819188111188888888181889888881· . ,
68 888 88 8881188118191818888188881188111 111111 11111 111 1111 11111 1111111118 111 1111111 “
118188 118 0881888188 88811181 18181188, 881 98888 1111111111111111111111111111· 11111111111111111
889888888188, mie 9898 88. 8988818 818 11888111 11118188, 8811818818·
118 1181811 188 0811888188 881 188 1881198811 881 11111111111111111111111111111111111111· ” ⁵
11881889 188 68888881 98111188 8888188, 81818 881 111111111111111111111181111111811111111111
881881188111818181198881118188818811888. ’ 11111111111111111111111111111111111111111111111”
’11188 18118881 118118811881181818188811188 1111111111 11111111 111118 111 111 1111111 1111111111
1818111118811188881811,1888183811989811881818881· 1111111111 1118 111 11 1111 11111111 1111111 11 111111
111881911911119911111111191999191991 ,19 19 888 118888 8181818 1188188889, 1818111881881818891
188881191111191198919119111191-9111111191, 881 1818 1118188881 88 ,1881818 111188 11811818 81111981 ,

· 11181888111181811988 88818 11881188, 118 188
, · · ‘ ., J ,, ¹ Ι 811818881181888888 1181118 8818818188, 9811818,
Ὢζῗξῗξ,ξξ,”ξζ11ἷ11“ζξ,ξζξιξ’,111331 11111 11111 111111· 8811881888, 181 18 88188 18181 1818188 18 8811188 1881
1) 8118888888 9881111, · ¹ 1· 8118 8811811988, 181 1181111181118118 811181618188181

⁹)cypr4md0mfifite. · ·· ’“·“ ’888 88811881 111191119111818181.

aucit 111 11111818, 9818198, 8818188 6181881181 8118 1111 11111111·

Ἢ

 

