065
No. 2920.

w

impr.

Μ

Senatui} 8111111111.

Ex 111111111ζί11) in 1111911111 Senatus urbis Soet! asservato
11111111 1111 0111111111111111 1141111111. 1826. An·
&ww 1111 ἦ) ‘wi &to 111 31111111 fut 0111111111 1111

1111 01111111, 11111111 11111111111111 111111 181111
Ν 1111111111 11111 91111 111 01111 &aasz

11111111 1111111111 1911111.

¹ 0111111 1111111 11111) [11111111111111111 61111, 91111111
11111111, 11111111 19111111 111111. 11111111, 111111, fisa
11111111, 1111111191 11111111. 011. 1011111111 111 111 1111
111111111111111 111111, 111 111111 10111, 111 3191111 11
1111111111 11111 111 1111111 1111111111 1111111111 111 1111111
1111111, 11110111 1111111111) 1111111111, 1111 111 1111111111 111
911111111111111111 11111, so 111 111111 111111 1111111 1111
11111111, 11111111 11111 111111 Q, 933. 1111511111 1111111111
1111 1111111, 111111) 01111. 1111 11119111 111111 11111111
‚ 11111111131111111111,1111111111101111 1111 1111

1111111.

o

1111 1111010. 111111111111111111, 1111111111
111111, 11111111111111 11111111 9111111 1111111111, 111

1101111111 11111111 11111111 fet), 111111) 1111) 1111111111 ¹

9111111119 1111111, 010. 1111111 1111111111), mit
11111111111111111111 1111111111*) 111111111111
1111111, 111 1111111113111 1110111111 11 1111111111
1111111111, 11111 111111111111113111 111) 1111 3111111
11111101111111111 1011111111 9111111111 111, 1111 111111),
111 11 Magister 11111111, im Examine 111111 1111111111

111 11111111 1111111111.

911111 111 1111111 0111111111 1111111 111 1111111111 une
1111111111111111111911111, 1111111111 111 11111111 111111,
11111 1111111111. matum 1111111111 1111111111 Magister
11111111 1111111111) nod) 1111111111 111 1111111111
1111111 11110. 1111111111, 1111 1111111) 1111101131111111
111. 111111 11 1191111111 11111, 1111111 11111111
111 1111111111, 11111111 01111111 11 11111111 11111,
111 111 111 1111111111. 0111111111111111111. 111.
11111111 111111111111111111111111 1111111. met

11138453111111911111 11111111111111111111. wie
11101111111111111111111111111) 11111111 111,

—u-A—-u-

1) 1111111111111111111.
Ι) Eubulum!

11111011111111 1111111. 1111.

060

1111 11111111111111, 111 1111111111) 11111111111111
1111 11111111. Q Q .

11111111 α
Philippus Melanthom

No. 2921.

Μ

17. Apr.

Μ

Alberto Daci Pruss. ‚

Ex epist. a Fabro editis p. 90.

Epistola Mel. Albmo 111111· prussiae scriptu ff. 17.
Aprms 1544 perditust, 1111111 catalogo epistolAEIelan-
thonis nd huno Ducem, qui habetur in ta'bul. Regiomont.
eius argumentum 1111 verbis indicatur:

»WL 911 1111111111 11111111 11111 Iudicium 1111
111111111011111111, ,111 11 9111111111, nod)
1111 seit 11119 1110111111111 1111111111, 11111111)
11111111 1111111 011111. 111111 1111111. Item 3111111

' 9111111111 9111111191 11011111. D. D. 1011111111

1111 17. 1111111 1144.”

(91ιί11111 &ditm Faber baec:

1011 1111111 11111 01111111111111111111111, 1911111111
1111111111 (3111111) 1111 1111 1111111111 11111111, 1111111
0111111111 11111111 1111 11111111 6111111111 111 111111,

’ 61111111111111111 11111111 1111 11111111, 11 11 mit 11111
1811111111 1111 0111111111111111 11111.
2111 111 1111111111 111 1111111111 1111 11111111 111
1111111111 111111111111111111 1111111 EQ: 111 11 11116111
- 1111111· [111111 (9111111111111 1111111 111111, 111111 1111
111111111131111111 1011111111 11111111 111 1111111 111.
111111 1111111,1111111111111111111111111111 11111, 11111 111.
1111111111 1111 11 11111111 nd) 1111111111 11111. 1111111111
3111113οὲ111 1111 1111 1111111111, [11111111 1111111111 111

11111111

..911 1111111 1111111111, 11111111 11 1111111111
,1111111 1111 111111 111 [11111111 11111111 0111111
11111 1111111111, 1111111, 1111 111 11111111, 11111111
1111111111. (9111 111 1111111111 11111 1111111 11111111,
1111 11111 11111 1111 11111111, 111 11 ie 1111 11111111 111

1111111111. -· ,11111 1111111 1111111111 11111111 11111111.. 111 ,

111 111 11111111 1111111111 Ort 111111, 1111 1111111 91111
1111111. 11 111111 11 1111 11111111, 1111111 111 111 1110111

11111101111111111111191111111110111111111111).ζ Μ’ Μ ω’ ω W ’ωδ Μ’ “⁹¹¹ ω “⁸ em& .

011.11111111111111111111791111111111, 111 1111111111 ·

1111 11111111 111111, 11111111” -

17. Aps.

111111) Menio.

, ’s Ex apographis in cod. mom. 8⁸} 111. 111. 112.. 11 1110. .

Monac. 90. 111101. p. 9809.

 

